#id  northing easting
4000 6107428 462626
4001 6107426 464128
4002 6107428 465627
4003 6107428 467126
4004 6107426 468628
4005 6107428 470128
4006 6107426 471626
4007 6107426 473128
4008 6107426 474628
4009 6107428 476126
4010 6107426 477628
4011 6107428 479128
4012 6107428 480626
4013 6107426 482128
4014 6107427 483628
4015 6107426 485126
4016 6107426 486628
4017 6107426 488128
4018 6107428 489626
4019 6107426 491128
4020 6107428 492628
4021 6107428 494126
4022 6107426 495628
4023 6107428 497128
4024 6107426 498626
4025 6107426 500128
4026 6107426 501628
4027 6107428 503126
4028 6107426 504628
4029 6107426 506128
4030 6108725 443878
4031 6108727 445378
4032 6108727 446878
4033 6108725 448378
4034 6108734 449879
4035 6108725 451378
4036 6108727 452878
4037 6108725 454378
4038 6108726 455878
4039 6108727 457378
4040 6108727 458878
4041 6108727 460378
4042 6108727 461878
4043 6108725 463378
4044 6108727 464878
4045 6108727 466378
4046 6108727 467877
4047 6108725 469376
4048 6108727 470876
4049 6108726 472376
4050 6108726 473876
4051 6108727 475376
4052 6108725 476878
4053 6108727 478378
4054 6108727 479878
4055 6108727 481378
4056 6108725 482878
4057 6108727 484378
4058 6108726 485877
4059 6108726 487376
4060 6108727 488876
4061 6108725 490376
4062 6108727 491876
4063 6108727 493378
4064 6108727 494878
4065 6108725 496378
4066 6108727 497878
4067 6108727 499378
4068 6108727 500876
4069 6108727 502376
4070 6108725 503876
4071 6108727 505376
4072 6108727 506878
4073 6110025 444628
4074 6110024 446128
4075 6110025 447626
4076 6110024 449128
4077 6110024 450628
4078 6110026 452128
4079 6110026 453626
4080 6110026 455126
4081 6110025 456627
4082 6110024 458128
4083 6110026 459628
4084 6110026 461126
4085 6110025 462626
4086 6110026 464127
4087 6110026 465628
4088 6110026 467128
4089 6110026 468628
4090 6110024 470126
4091 6110026 471626
4092 6110026 473127
4093 6110026 474628
4094 6110024 476128
4095 6110026 477628
4096 6110025 479126
4097 6110025 480626
4098 6110026 482126
4099 6110024 483628
4100 6110026 485128
4101 6110026 486628
4102 6110026 488128
4103 6110024 489626
4104 6110026 491126
4105 6110026 492626
4106 6110026 494127
4107 6110026 495628
4108 6110025 497128
4109 6110026 498628
4110 6110026 500128
4111 6110026 501626
4112 6110025 503126
4113 6110026 504626
4114 6110026 506127
4115 6110026 507628
4116 6111324 445378
4117 6111324 446876
4118 6111325 448378
4119 6111323 449878
4120 6111325 451378
4121 6111325 452876
4122 6111325 454377
4123 6111325 455878
4124 6111324 457376
4125 6111324 458878
4126 6111324 460376
4127 6111324 461878
4128 6111325 463376
4129 6111324 464878
4130 6111324 466378
4131 6111324 467876
4132 6111325 469378
4133 6111324 470876
4134 6111323 472378
4135 6111323 473878
4136 6111324 475376
4137 6111325 476878
4138 6111324 478376
4139 6111324 479877
4140 6111324 481378
4141 6111325 482876
4142 6111324 484378
4143 6111323 485878
4144 6111323 487376
4145 6111324 488878
4146 6111325 490376
4147 6111324 491877
4148 6111324 493378
4149 6111324 494876
4150 6111325 496378
4151 6111324 497878
4152 6111323 499376
4153 6111324 500878
4154 6111324 502376
4155 6111325 503876
4156 6111325 505378
4157 6111325 506876
4158 6111325 508378
4159 6112624 446128
4160 6112624 447628
4161 6112623 449128
4162 6112624 450626
4163 6112623 452128
4164 6112623 453627
4165 6112624 455126
4166 6112624 456628
4167 6112624 458128
4168 6112624 459626
4169 6112624 461128
4170 6112624 462628
4171 6112623 464126
4172 6112623 465628
4173 6112623 467127
4174 6112623 468626
4175 6112624 470128
4176 6112624 471626
4177 6112623 473126
4178 6112623 474628
4179 6112624 476126
4180 6112623 477628
4181 6112622 479128
4182 6112622 480626
4183 6112623 482128
4184 6112624 483626
4185 6112623 485128
4186 6112623 486628
4187 6112624 488126
4188 6112624 489628
4189 6112623 491126
4190 6112623 492628
4191 6112623 494128
4192 6112623 495626
4193 6112624 497128
4194 6112624 498627
4195 6112623 500126
4196 6112624 501628
4197 6112624 503126
4198 6112624 504628
4199 6112623 506127
4200 6112623 507626
4201 6113921 446877
4202 6113922 448377
4203 6113924 449878
4204 6113922 451376
4205 6113922 452876
4206 6113922 454376
4207 6113923 455876
4208 6113921 457378
4209 6113923 458878
4210 6113923 460378
4211 6113921 461878
4212 6113922 463378
4213 6113921 464877
4214 6113923 466376
4215 6113921 467876
4216 6113922 469376
4217 6113923 470878
4218 6113923 472378
4219 6113923 473878
4220 6113923 475378
4221 6113922 476877
4222 6113921 478376
4223 6113923 479876
4224 6113921 481376
4225 6113922 482878
4226 6113923 484378
4227 6113923 485878
4228 6113923 487376
4229 6113923 488876
4230 6113922 490376
4231 6113921 491878
4232 6113921 493378
4233 6113922 494878
4234 6113922 496377
4235 6113921 497876
4236 6113923 499376
4237 6113923 500878
4238 6113921 502378
4239 6113923 503878
4240 6113922 505377
4241 6113922 506876
4242 6113922 508376
4243 6115221 447626
4244 6115223 449128
4245 6115221 450628
4246 6115222 452128
4247 6115222 453628
4248 6115221 455126
4249 6115222 456626
4250 6115221 458126
4251 6115221 459627
4252 6115221 461128
4253 6115222 462628
4254 6115220 464128
4255 6115222 465626
4256 6115222 467126
4257 6115220 468626
4258 6115221 470126
4259 6115221 471627
4260 6115220 473128
4261 6115221 474628
4262 6115221 476128
4263 6115220 477628
4264 6115222 479128
4265 6115222 480626
4266 6115220 482126
4267 6115221 483626
4268 6115221 485126
4269 6115220 486626
4270 6115221 488127
4271 6115222 489628
4272 6115223 491128
4273 6115222 492628
4274 6115222 494128
4275 6115221 495628
4276 6115222 497128
4277 6115221 498628
4278 6115221 500126
4279 6115221 501626
4280 6115222 503126
4281 6115221 504626
4282 6115220 506126
4283 6115220 507627
4284 6116521 446878
4285 6116521 448376
4286 6116524 449879
4287 6116521 451376
4288 6116521 452877
4289 6116521 454378
4290 6116520 455876
4291 6116521 457378
4292 6116520 458878
4293 6116520 460376
4294 6116521 461878
4295 6116520 463376
4296 6116521 464877
4297 6116521 466378
4298 6116521 467876
4299 6116522 469377
4300 6116521 470878
4301 6116520 472376
4302 6116520 473878
4303 6116521 475378
4304 6116522 476876
4305 6116521 478378
4306 6116521 479878
4307 6116521 481376
4308 6116522 482877
4309 6116521 484378
4310 6116520 485876
4311 6116520 487377
4312 6116521 488878
4313 6116520 490376
4314 6116521 491876
4315 6116521 493378
4316 6116521 494878
4317 6116520 496376
4318 6116521 497878
4319 6116521 499378
4320 6116521 500876
4321 6116521 502378
4322 6116520 503878
4323 6116521 505376
4324 6116521 506877
4325 6116519 508378
4326 6117821 447628
4327 6117824 449128
4328 6117820 450626
4329 6117820 452128
4330 6117820 453626
4331 6117820 455128
4332 6117819 456628
4333 6117820 458126
4334 6117820 459628
4335 6117820 461127
4336 6117819 462626
4337 6117820 464128
4338 6117819 465626
4339 6117819 467128
4340 6117820 468627
4341 6117819 470128
4342 6117820 471628
4343 6117820 473126
4344 6117820 474628
4345 6117819 476126
4346 6117820 477628
4347 6117819 479127
4348 6117819 480628
4349 6117820 482128
4350 6117819 483626
4351 6117820 485128
4352 6117820 486626
4353 6117820 488128
4354 6117819 489626
4355 6117820 491128
4356 6117820 492626
4357 6117820 494128
4358 6117820 495627
4359 6117819 497126
4360 6117820 498628
4361 6117820 500126
4362 6117818 501628
4363 6117819 503126
4364 6117820 504628
4365 6117820 506126
4366 6119118 448376
4367 6119123 449879
4368 6119118 451378
4369 6119118 452878
4370 6119118 454378
4371 6119119 455876
4372 6119118 457376
4373 6119120 458876
4374 6119120 460378
4375 6119118 461878
4376 6119119 463378
4377 6119118 464877
4378 6119118 466376
4379 6119118 467876
4380 6119119 469378
4381 6119118 470878
4382 6119120 472378
4383 6119120 473876
4384 6119118 475376
4385 6119119 476878
4386 6119118 478378
4387 6119118 479878
4388 6119118 481376
4389 6119119 482876
4390 6119118 484378
4391 6119118 485878
4392 6119118 487377
4393 6119118 488876
4394 6119119 490376
4395 6119119 491878
4396 6119118 493378
4397 6119119 494876
4398 6119119 496376
4399 6119118 497878
4400 6119118 499378
4401 6119118 500877
4402 6119119 502376
4403 6119119 503876
4404 6120423 449128
4405 6120417 450628
4406 6120417 452128
4407 6120417 453628
4408 6120417 455128
4409 6120418 456626
4410 6120417 458126
4411 6120417 459626
4412 6120417 461126
4413 6120418 462626
4414 6120417 464126
4415 6120417 465627
4416 6120417 467128
4417 6120417 468628
4418 6120418 470128
4419 6120417 471628
4420 6120417 473128
4421 6120417 474628
4422 6120418 476128
4423 6120417 477628
4424 6120417 479128
4425 6120417 480628
4426 6120417 482128
4427 6120418 483628
4428 6120418 485128
4429 6120417 486628
4430 6120418 488126
4431 6120418 489626
4432 6120417 491126
4433 6120417 492626
4434 6120417 494126
4435 6120418 495626
4436 6120419 497126
4437 6120418 498626
4438 6120418 500126
4439 6120418 501626
4440 6121724 449878
4441 6121718 451378
4442 6121718 452878
4443 6121718 454376
4444 6121716 455878
4445 6121718 457378
4446 6121717 458876
4447 6121717 460378
4448 6121718 461878
4449 6121716 463376
4450 6121718 464877
4451 6121718 466378
4452 6121718 467876
4453 6121716 469376
4454 6121718 470878
4455 6121717 472378
4456 6121717 473876
4457 6121718 475377
4458 6121716 476878
4459 6121716 478378
4460 6121718 479876
4461 6121716 481377
4462 6121716 482878
4463 6121718 484376
4464 6121717 485876
4465 6121717 487378
4466 6121718 488878
4467 6121717 490376
4468 6121716 491876
4469 6121716 493378
4470 6121716 494878
4471 6121717 496376
4472 6121716 497876
4473 6121718 499378
4474 6123017 450626
4475 6123016 452128
4476 6123016 453626
4477 6123017 455128
4478 6123015 456627
4479 6123015 458128
4480 6123017 459628
4481 6123015 461126
4482 6123015 462628
4483 6123017 464126
4484 6123016 465628
4485 6123016 467126
4486 6123017 468628
4487 6123015 470126
4488 6123015 471628
4489 6123017 473126
4490 6123015 474628
4491 6123016 476126
4492 6123017 477628
4493 6123016 479126
4494 6123017 480628
4495 6123015 482126
4496 6123016 483628
4497 6123015 485126
4498 6123015 486628
4499 6123015 488126
4500 6123016 489628
4501 6123015 491126
4502 6123017 492628
4503 6123017 494126
4504 6123015 495628
4505 6123016 497126
4506 6124315 451376
4507 6124315 452876
4508 6124315 454378
4509 6124316 455878
4510 6124315 457378
4511 6124314 458876
4512 6124314 460376
4513 6124315 461878
4514 6124316 463378
4515 6124315 464877
4516 6124315 466376
4517 6124315 467878
4518 6124316 469378
4519 6124315 470877
4520 6124314 472376
4521 6124314 473878
4522 6124315 475378
4523 6124314 476877
4524 6124315 478376
4525 6124315 479878
4526 6124315 481378
4527 6124314 482876
4528 6124315 484376
4529 6124315 485878
4530 6124315 487378
4531 6124315 488876
4532 6124314 490376
4533 6124316 491878
4534 6124315 493377
4535 6124316 494876
4536 6125613 452128
4537 6125613 453628
4538 6125614 455128
4539 6125613 456628
4540 6125614 458128
4541 6125614 459628
4542 6125614 461128
4543 6125613 462628
4544 6125614 464128
4545 6125613 465628
4546 6125613 467128
4547 6125614 468628
4548 6125613 470128
4549 6125615 471628
4550 6125614 473128
4551 6125615 474628
4552 6125613 476128
4553 6125614 477628
4554 6125614 479128
4555 6125614 480628
4556 6125615 482128
4557 6125613 483628
4558 6125615 485128
4559 6125615 486628
4560 6125615 488128
4561 6125613 489628
4562 6125615 491127
4563 6125614 492627
4564 6126914 458877
4565 6126914 460378
4566 6126912 461878
4567 6126913 463376
4568 6126912 464877
4569 6126912 466378
4570 6126912 467878
4571 6126913 469376
4572 6126912 470876
4573 6126912 472378
4574 6126912 473878
4575 6126912 475376
4576 6126914 476876
4577 6126913 478377
4578 6126912 479878
4579 6126913 481378
4580 6126914 482876
4581 6126912 484376
4582 6126912 485877
4583 6126912 487378
4584 6126913 488878
4585 6126914 490376
4586 6107427 455127
4587 6107428 456626
4588 6107427 458128
4589 6107427 459628
4590 6067164 467879
4591 6067164 469379
4592 6067163 470878
4593 6067164 472379
4594 6067164 473879
4595 6067163 475378
4596 6068463 465628
4597 6068463 467129
4598 6068463 468628
4599 6068464 470129
4600 6068463 471628
4601 6068463 473129
4602 6068463 474628
4603 6068463 476129
4604 6068464 477628
4605 6069763 463379
4606 6069764 464879
4607 6069764 466379
4608 6069764 467878
4609 6069763 469378
4610 6069764 470879
4611 6069763 472379
4612 6069763 473878
4613 6069763 475378
4614 6069764 476878
4615 6069763 478379
4616 6069763 479879
4617 6071063 461128
4618 6071063 462628
4619 6071064 464128
4620 6071063 465628
4621 6071063 467128
4622 6071064 468628
4623 6071064 470128
4624 6071064 471628
4625 6071063 473128
4626 6071063 474628
4627 6071064 476128
4628 6071063 477628
4629 6071064 479128
4630 6071064 480628
4631 6071063 482128
4632 6072353 458878
4633 6072353 460379
4634 6072353 461879
4635 6072354 463378
4636 6072353 464879
4637 6072353 466379
4638 6072353 467878
4639 6072353 469378
4640 6072354 470879
4641 6072354 472379
4642 6072353 473878
4643 6072354 475378
4644 6072353 476879
4645 6072354 478379
4646 6072354 479878
4647 6072354 481378
4648 6072354 482879
4649 6073653 456628
4650 6073654 458129
4651 6073653 459628
4652 6073653 461129
4653 6073654 462628
4654 6073653 464129
4655 6073654 465628
4656 6073654 467129
4657 6073654 468628
4658 6073653 470129
4659 6073654 471628
4660 6073654 473129
4661 6073654 474628
4662 6073654 476129
4663 6073653 477628
4664 6073653 479129
4665 6073653 480628
4666 6073653 482129
4667 6073654 483628
4668 6073653 485129
4669 6074953 455879
4670 6074954 457378
4671 6074954 458878
4672 6074953 460378
4673 6074954 461879
4674 6074954 463379
4675 6074954 464878
4676 6074953 466378
4677 6074953 467879
4678 6074954 469379
4679 6074953 470878
4680 6074954 472378
4681 6074954 473879
4682 6074954 475379
4683 6074953 476878
4684 6074954 478379
4685 6074954 479879
4686 6074954 481378
4687 6074953 482878
4688 6074954 484379
4689 6074954 485879
4690 6074953 487378
4691 6076254 455128
4692 6076253 456628
4693 6076254 458128
4694 6076254 459628
4695 6076254 461128
4696 6076254 462628
4697 6076253 464128
4698 6076253 465628
4699 6076253 467128
4700 6076253 468628
4701 6076254 470128
4702 6076253 471628
4703 6076254 473128
4704 6076253 474628
4705 6076253 476128
4706 6076254 477628
4707 6076254 479129
4708 6076254 480629
4709 6076254 482129
4710 6076253 483629
4711 6076254 485129
4712 6076254 486629
4713 6076254 488129
4714 6077553 454378
4715 6077554 455879
4716 6077553 457379
4717 6077554 458878
4718 6077554 460378
4719 6077554 461879
4720 6077553 463379
4721 6077554 464878
4722 6077554 466378
4723 6077554 467879
4724 6077554 469379
4725 6077553 470879
4726 6077553 472378
4727 6077553 473878
4728 6077553 475379
4729 6077554 476879
4730 6077553 478378
4731 6077553 479878
4732 6077553 481378
4733 6077554 482879
4734 6077553 484379
4735 6077554 485878
4736 6077554 487378
4737 6077553 488878
4738 6078853 453628
4739 6078853 455129
4740 6078854 456628
4741 6078853 458129
4742 6078854 459628
4743 6078854 461129
4744 6078853 462628
4745 6078854 464129
4746 6078853 465628
4747 6078853 467129
4748 6078853 468628
4749 6078854 470129
4750 6078853 471628
4751 6078853 473129
4752 6078853 474629
4753 6078854 476128
4754 6078853 477629
4755 6078854 479128
4756 6078854 480629
4757 6078853 482128
4758 6078853 483629
4759 6078853 485128
4760 6078854 486629
4761 6078853 488129
4762 6078853 489628
4763 6080154 452879
4764 6080154 454379
4765 6080154 455878
4766 6080153 457378
4767 6080153 458879
4768 6080153 460379
4769 6080153 461878
4770 6080154 463378
4771 6080153 464879
4772 6080154 466379
4773 6080153 467878
4774 6080153 469379
4775 6080154 470879
4776 6080154 472378
4777 6080153 473878
4778 6080154 475379
4779 6080153 476878
4780 6080154 478378
4781 6080154 479879
4782 6080154 481379
4783 6080154 482878
4784 6080153 484379
4785 6080153 485879
4786 6080153 487378
4787 6080153 488879
4788 6080154 490379
4789 6081453 452128
4790 6081453 453628
4791 6081453 455128
4792 6081454 456628
4793 6081453 458128
4794 6081453 459628
4795 6081453 461128
4796 6081454 462628
4797 6081454 464128
4798 6081454 465628
4799 6081454 467128
4800 6081454 468628
4801 6081453 470128
4802 6081454 471628
4803 6081454 473129
4804 6081454 474629
4805 6081454 476129
4806 6081454 477629
4807 6081453 479129
4808 6081453 480629
4809 6081453 482129
4810 6081454 483628
4811 6081453 485128
4812 6081453 486628
4813 6081453 488128
4814 6081454 489628
4815 6081453 491129
4816 6082753 452879
4817 6082753 454378
4818 6082753 455878
4819 6082754 457379
4820 6082753 458879
4821 6082753 460378
4822 6082754 461878
4823 6082754 463378
4824 6082753 464879
4825 6082753 466379
4826 6082753 467878
4827 6082754 469378
4828 6082753 470878
4829 6082754 472379
4830 6082754 473879
4831 6082753 475379
4832 6082753 476878
4833 6082753 478378
4834 6082754 479878
4835 6082754 481379
4836 6082753 482879
4837 6082754 484379
4838 6082754 485878
4839 6082754 487378
4840 6082754 488878
4841 6082753 490378
4842 6082754 491879
4843 6084044 452128
4844 6084044 453629
4845 6084044 455128
4846 6084043 456629
4847 6084044 458128
4848 6084044 459629
4849 6084044 461128
4850 6084044 462628
4851 6084043 464129
4852 6084043 465628
4853 6084044 467129
4854 6084043 468628
4855 6084044 470129
4856 6084043 471628
4857 6084044 473128
4858 6084043 474629
4859 6084043 476128
4860 6084044 477629
4861 6084044 479128
4862 6084044 480628
4863 6084044 482129
4864 6084043 483628
4865 6084044 485129
4866 6084044 486628
4867 6084044 488128
4868 6084043 489629
4869 6084044 491128
4870 6084043 492629
4871 6085343 452879
4872 6085343 454379
4873 6085344 455878
4874 6085343 457378
4875 6085344 458879
4876 6085344 460378
4877 6085344 461878
4878 6085343 463379
4879 6085344 464879
4880 6085344 466378
4881 6085344 467879
4882 6085344 469379
4883 6085343 470878
4884 6085343 472379
4885 6085343 473878
4886 6085343 475378
4887 6085344 476879
4888 6085343 478378
4889 6085343 479878
4890 6085343 481379
4891 6085344 482878
4892 6085343 484379
4893 6085344 485879
4894 6085344 487378
4895 6085343 488879
4896 6085344 490378
4897 6085343 491878
4898 6085343 493379
4899 6086643 452128
4900 6086644 453629
4901 6086643 455129
4902 6086643 456629
4903 6086643 458129
4904 6086644 459629
4905 6086644 461129
4906 6086643 462629
4907 6086644 464128
4908 6086643 465628
4909 6086643 467128
4910 6086643 468628
4911 6086644 470128
4912 6086643 471629
4913 6086643 473129
4914 6086643 474629
4915 6086644 476129
4916 6086643 477629
4917 6086644 479128
4918 6086644 480628
4919 6086643 482128
4920 6086644 483628
4921 6086643 485129
4922 6086643 486629
4923 6086643 488129
4924 6086644 489628
4925 6086643 491128
4926 6086644 492628
4927 6086644 494128
4928 6087944 451379
4929 6087944 452878
4930 6087944 454378
4931 6087944 455878
4932 6087943 457379
4933 6087943 458879
4934 6087944 460379
4935 6087943 461878
4936 6087944 463378
4937 6087943 464878
4938 6087944 466378
4939 6087943 467879
4940 6087943 469379
4941 6087944 470879
4942 6087944 472378
4943 6087944 473878
4944 6087944 475378
4945 6087943 476878
4946 6087944 478379
4947 6087944 479879
4948 6087944 481379
4949 6087943 482879
4950 6087944 484379
4951 6087943 485878
4952 6087943 487378
4953 6087944 488878
4954 6087944 490378
4955 6087944 491878
4956 6087944 493379
4957 6087944 494879
4958 6089244 447628
4959 6089243 449129
4960 6089244 450628
4961 6089243 452129
4962 6089243 453628
4963 6089243 455129
4964 6089244 456628
4965 6089243 458128
4966 6089243 459629
4967 6089243 461128
4968 6089243 462629
4969 6089244 464128
4970 6089244 465628
4971 6089244 467129
4972 6089244 468628
4973 6089243 470129
4974 6089244 471629
4975 6089244 473128
4976 6089244 474629
4977 6089243 476128
4978 6089244 477628
4979 6089243 479129
4980 6089243 480628
4981 6089244 482128
4982 6089244 483629
4983 6089244 485128
4984 6089243 486628
4985 6089244 488129
4986 6089244 489628
4987 6089243 491129
4988 6089243 492629
4989 6089243 494128
4990 6089243 495629
4991 6090543 446878
4992 6090543 448378
4993 6090544 449879
4994 6090543 451378
4995 6090544 452878
4996 6090544 454379
4997 6090543 455878
4998 6090544 457379
4999 6090543 458879
5000 6090543 460378
5001 6090543 461879
5002 6090544 463379
5003 6090543 464878
5004 6090543 466379
5005 6090543 467878
5006 6090544 469378
5007 6090543 470879
5008 6090544 472378
5009 6090544 473879
5010 6090543 475378
5011 6090544 476878
5012 6090543 478379
5013 6090543 479878
5014 6090543 481379
5015 6090543 482878
5016 6090544 484379
5017 6090544 485879
5018 6090544 487378
5019 6090544 488879
5020 6090543 490378
5021 6090543 491879
5022 6090544 493378
5023 6090543 494878
5024 6090543 496379
5025 6091843 446129
5026 6091843 447629
5027 6091843 449129
5028 6091844 450629
5029 6091844 452129
5030 6091844 453628
5031 6091844 455128
5032 6091843 456628
5033 6091844 458128
5034 6091844 459628
5035 6091844 461129
5036 6091844 462629
5037 6091843 464129
5038 6091843 465629
5039 6091843 467128
5040 6091843 468628
5041 6091844 470128
5042 6091843 471629
5043 6091843 473129
5044 6091843 474629
5045 6091843 476128
5046 6091844 477628
5047 6091844 479128
5048 6091844 480629
5049 6091844 482129
5050 6091843 483629
5051 6091843 485128
5052 6091844 486628
5053 6091844 488128
5054 6091843 489629
5055 6091844 491129
5056 6091844 492629
5057 6091844 494128
5058 6091844 495628
5059 6091843 497129
5060 6093143 445378
5061 6093143 446878
5062 6093143 448379
5063 6093144 449879
5064 6093143 451379
5065 6093143 452878
5066 6093143 454378
5067 6093144 455878
5068 6093143 457378
5069 6093144 458879
5070 6093144 460379
5071 6093144 461879
5072 6093143 463379
5073 6093144 464878
5074 6093144 466378
5075 6093144 467878
5076 6093143 469378
5077 6093144 470878
5078 6093143 472378
5079 6093143 473879
5080 6093143 475379
5081 6093144 476879
5082 6093144 478379
5083 6093143 479879
5084 6093143 481379
5085 6093144 482879
5086 6093143 484378
5087 6093143 485878
5088 6093143 487378
5089 6093143 488878
5090 6093144 490378
5091 6093143 491878
5092 6093143 493378
5093 6093143 494878
5094 6093144 496378
5095 6093143 497879
5096 6094444 444628
5097 6094443 446129
5098 6094443 447628
5099 6094444 449129
5100 6094443 450628
5101 6094444 452128
5102 6094444 453629
5103 6094443 455128
5104 6094443 456629
5105 6094443 458129
5106 6094444 459628
5107 6094444 461129
5108 6094443 462629
5109 6094444 464128
5110 6094443 465629
5111 6094443 467129
5112 6094444 468628
5113 6094444 470129
5114 6094444 471629
5115 6094443 473128
5116 6094444 474629
5117 6094444 476129
5118 6094443 477628
5119 6094443 479129
5120 6094443 480629
5121 6094443 482128
5122 6094444 483628
5123 6094443 485129
5124 6094443 486628
5125 6094443 488128
5126 6094444 489629
5127 6094443 491129
5128 6094443 492628
5129 6094443 494128
5130 6094443 495629
5131 6094444 497128
5132 6094443 498628
5133 6095744 443878
5134 6095744 445379
5135 6095744 446879
5136 6095744 448378
5137 6095743 449879
5138 6095744 451379
5139 6095744 452878
5140 6095744 454379
5141 6095744 455878
5142 6095743 457379
5143 6095743 458879
5144 6095743 460378
5145 6095743 461879
5146 6095744 463378
5147 6095743 464879
5148 6095743 466378
5149 6095743 467878
5150 6095743 469379
5151 6095744 470878
5152 6095744 472379
5153 6095744 473878
5154 6095744 475379
5155 6095743 476878
5156 6095744 478379
5157 6095744 479878
5158 6095744 481378
5159 6095743 482879
5160 6095744 484378
5161 6095744 485879
5162 6095744 487378
5163 6095744 488879
5164 6095743 490378
5165 6095744 491879
5166 6095744 493378
5167 6095744 494879
5168 6095743 496378
5169 6095744 497879
5170 6095744 499378
5171 6097033 443128
5172 6097034 444629
5173 6097034 446129
5174 6097034 447629
5175 6097033 449129
5176 6097034 450628
5177 6097033 452128
5178 6097033 453628
5179 6097033 455129
5180 6097034 456629
5181 6097033 458129
5182 6097033 459628
5183 6097033 461128
5184 6097034 462628
5185 6097033 464129
5186 6097034 465629
5187 6097034 467129
5188 6097034 468628
5189 6097033 470128
5190 6097034 471629
5191 6097034 473129
5192 6097034 474629
5193 6097033 476128
5194 6097034 477628
5195 6097034 479129
5196 6097034 480629
5197 6097034 482128
5198 6097033 483628
5199 6097034 485128
5200 6097034 486629
5201 6097034 488129
5202 6097033 489628
5203 6097034 491128
5204 6097033 492629
5205 6097033 494129
5206 6097034 495628
5207 6097033 497128
5208 6097034 498629
5209 6097034 500129
5210 6098334 442378
5211 6098333 443879
5212 6098334 445379
5213 6098334 446879
5214 6098333 448379
5215 6098333 449878
5216 6098333 451378
5217 6098334 452878
5218 6098334 454378
5219 6098333 455878
5220 6098334 457378
5221 6098333 458879
5222 6098333 460379
5223 6098334 461879
5224 6098334 463379
5225 6098334 464879
5226 6098333 466379
5227 6098334 467879
5228 6098334 469379
5229 6098333 470879
5230 6098333 472378
5231 6098333 473878
5232 6098333 475378
5233 6098334 476878
5234 6098333 478378
5235 6098333 479878
5236 6098333 481378
5237 6098334 482878
5238 6098333 484378
5239 6098334 485878
5240 6098334 487378
5241 6098333 488878
5242 6098334 490378
5243 6098333 491878
5244 6098333 493378
5245 6098333 494878
5246 6098334 496378
5247 6098333 497878
5248 6098333 499378
5249 6098333 500878
5250 6099632 441628
5251 6099634 443126
5252 6099632 444628
5253 6099632 446128
5254 6099632 447626
5255 6099632 449128
5256 6099634 450628
5257 6099634 452126
5258 6099634 453628
5259 6099634 455128
5260 6099632 456626
5261 6099634 458128
5262 6099634 459628
5263 6099634 461126
5264 6099634 462627
5265 6099633 464128
5266 6099632 465628
5267 6099632 467126
5268 6099632 468628
5269 6099634 470128
5270 6099632 471626
5271 6099632 473126
5272 6099632 474628
5273 6099634 476128
5274 6099632 477626
5275 6099634 479127
5276 6099634 480628
5277 6099632 482128
5278 6099634 483626
5279 6099632 485127
5280 6099632 486628
5281 6099632 488128
5282 6099634 489626
5283 6099632 491126
5284 6099634 492628
5285 6099634 494128
5286 6099632 495626
5287 6099634 497126
5288 6099632 498628
5289 6099632 500128
5290 6099632 501626
5291 6100933 440878
5292 6100931 442376
5293 6100933 443878
5294 6100931 445378
5295 6100931 446876
5296 6100932 448378
5297 6100934 449878
5298 6100932 451378
5299 6100931 452877
5300 6100931 454376
5301 6100933 455878
5302 6100931 457376
5303 6100933 458878
5304 6100933 460376
5305 6100931 461878
5306 6100932 463376
5307 6100931 464878
5308 6100933 466376
5309 6100931 467878
5310 6100931 469376
5311 6100933 470878
5312 6100933 472376
5313 6100933 473878
5314 6100933 475376
5315 6100931 476878
5316 6100933 478376
5317 6100933 479878
5318 6100933 481376
5319 6100931 482878
5320 6100933 484376
5321 6100932 485878
5322 6100932 487376
5323 6100933 488878
5324 6100931 490376
5325 6100933 491878
5326 6100933 493376
5327 6100933 494878
5328 6100931 496376
5329 6100933 497878
5330 6100933 499376
5331 6100933 500878
5332 6100933 502376
5333 6102232 441626
5334 6102230 443126
5335 6102232 444626
5336 6102232 446128
5337 6102232 447628
5338 6102232 449127
5339 6102231 450626
5340 6102230 452126
5341 6102230 453628
5342 6102230 455128
5343 6102232 456627
5344 6102230 458126
5345 6102230 459626
5346 6102230 461128
5347 6102231 462628
5348 6102230 464126
5349 6102232 465626
5350 6102232 467128
5351 6102232 468628
5352 6102230 470126
5353 6102232 471626
5354 6102232 473128
5355 6102232 474628
5356 6102230 476126
5357 6102232 477626
5358 6102232 479128
5359 6102232 480628
5360 6102232 482126
5361 6102230 483628
5362 6102232 485128
5363 6102232 486627
5364 6102232 488126
5365 6102230 489628
5366 6102232 491128
5367 6102232 492626
5368 6102232 494126
5369 6102232 495628
5370 6102230 497127
5371 6102232 498626
5372 6102232 500128
5373 6102232 501628
5374 6102230 503126
5375 6103530 440876
5376 6103531 442376
5377 6103529 443876
5378 6103531 445376
5379 6103531 446876
5380 6103529 448377
5381 6103533 449878
5382 6103529 451378
5383 6103531 452878
5384 6103531 454378
5385 6103529 455878
5386 6103531 457378
5387 6103530 458878
5388 6103530 460378
5389 6103531 461878
5390 6103529 463378
5391 6103531 464878
5392 6103531 466378
5393 6103531 467878
5394 6103531 469378
5395 6103530 470878
5396 6103529 472378
5397 6103529 473878
5398 6103529 475378
5399 6103531 476878
5400 6103530 478378
5401 6103529 479878
5402 6103530 481377
5403 6103531 482877
5404 6103529 484376
5405 6103529 485876
5406 6103529 487376
5407 6103529 488876
5408 6103531 490376
5409 6103530 491876
5410 6103529 493376
5411 6103530 494876
5412 6103531 496378
5413 6103529 497878
5414 6103529 499378
5415 6103529 500878
5416 6103530 502378
5417 6103531 503878
5418 6104828 441628
5419 6104830 443126
5420 6104828 444628
5421 6104828 446128
5422 6104828 447626
5423 6104829 449127
5424 6104830 450628
5425 6104830 452126
5426 6104830 453626
5427 6104830 455128
5428 6104828 456628
5429 6104830 458126
5430 6104830 459626
5431 6104830 461128
5432 6104828 462628
5433 6104830 464126
5434 6104828 465626
5435 6104828 467128
5436 6104830 468628
5437 6104830 470128
5438 6104830 471626
5439 6104829 473126
5440 6104830 474628
5441 6104830 476128
5442 6104829 477626
5443 6104828 479126
5444 6104828 480627
5445 6104829 482128
5446 6104830 483628
5447 6104830 485126
5448 6104829 486626
5449 6104830 488126
5450 6104830 489628
5451 6104829 491128
5452 6104828 492628
5453 6104828 494126
5454 6104829 495626
5455 6104830 497128
5456 6104830 498628
5457 6104829 500128
5458 6104830 501626
5459 6104830 503126
5460 6104830 504627
5461 6106127 442378
5462 6106129 443878
5463 6106128 445376
5464 6106128 446878
5465 6106129 448376
5466 6106133 449879
5467 6106129 451376
5468 6106128 452878
5469 6106128 454376
5470 6106129 455878
5471 6106127 457376
5472 6106127 458878
5473 6106127 460376
5474 6106127 461878
5475 6106129 463376
5476 6106127 464878
5477 6106127 466376
5478 6106127 467878
5479 6106129 469376
5480 6106127 470877
5481 6106129 472378
5482 6106129 473876
5483 6106127 475378
5484 6106128 476876
5485 6106127 478378
5486 6106129 479876
5487 6106127 481378
5488 6106128 482876
5489 6106129 484377
5490 6106129 485878
5491 6106129 487376
5492 6106129 488878
5493 6106128 490376
5494 6106127 491878
5495 6106127 493376
5496 6106127 494877
5497 6106128 496378
5498 6106127 497876
5499 6106129 499378
5500 6106129 500876
5501 6106127 502378
5502 6106129 503878
5503 6106127 505376
5504 6107426 443126
5505 6107428 444626
5506 6107428 446128
5507 6107428 447628
5508 6107428 449127
5509 6107428 450626
5510 6107426 452128
5511 6107426 453628
5512 6128211 459626
5513 6128211 461128
5514 6128213 462626
5515 6128211 464128
5516 6128211 465626
5517 6128211 467128
5518 6128211 468626
5519 6128213 470128
5520 6128212 471626
5521 6128211 473128
5522 6128212 474628
5523 6128213 476126
5524 6128211 477628
5525 6128211 479126
5526 6128211 480628
5527 6128212 482126
5528 6128213 483628
5529 6128212 485126
5530 6128212 486627
5531 6128212 488128
5532 6128213 489626
5533 6128212 491128
5534 6128211 492626
5535 6128211 494128
5536 6128212 495628
5537 6128211 497127
5538 6128213 498628
5539 6128213 500126
5540 6128213 501628
5541 6128211 503126
5542 6128213 504628
5543 6129512 464877
5544 6129512 466376
5545 6129510 467878
5546 6129510 469378
5547 6129512 470876
5548 6129512 472378
5549 6129512 473878
5550 6129512 475376
5551 6129511 476876
5552 6129510 478378
5553 6129510 479876
5554 6129510 481376
5555 6129511 482878
5556 6129510 484376
5557 6129512 485876
5558 6129512 487378
5559 6129510 488876
5560 6129511 490376
5561 6129510 491878
5562 6129510 493376
5563 6129510 494878
5564 6129512 496378
5565 6129510 497876
5566 6129510 499378
5567 6129510 500878
5568 6129510 502376
5569 6129512 503878
5570 6130810 470126
5571 6130809 471626
5572 6130809 473126
5573 6130809 474626
5574 6130810 476128
5575 6130809 477628
5576 6130811 479128
5577 6130811 480628
5578 6130809 482128
5579 6130811 483627
5580 6130809 485126
5581 6130809 486626
5582 6130809 488126
5583 6130811 489626
5584 6130809 491128
5585 6130809 492628
5586 6130809 494128
5587 6130809 495628
5588 6130811 497128
5589 6130810 498626
5590 6132108 476878
5591 6132110 478378
5592 6132110 479876
5593 6132110 481376
5594 6132108 482876
5595 6132110 484377
5596 6132110 485878
5597 6132110 487378
5598 6132110 488878
5599 6132108 490376
5600 6132108 491876
5601 6132110 493376
5602 6132108 494876
5603 6132109 496378
5604 6133409 479126
5605 6133409 480628
5606 6133409 482126
5607 6133407 483626
5608 6133407 485128
5609 6133409 486626
5610 6133407 488127
5611 6133408 489628
5612 6133407 491126
5613 6133409 492628
5614 6133409 494128
5615 6133407 495626
5616 6134706 487378
5617 6134708 488877
5618 6134706 490376
5619 6134708 491878
5620 6134708 493376
5621 6134708 494878
5622 6126913 491876
5623 6126913 493376
5624 6126913 494878
5625 6126914 496378
5626 6126913 497878
5627 6126912 499376
5628 6126912 500876
5629 6126913 502378
5630 6126912 503878
5631 6126914 505378
5632 6125614 494126
5633 6125615 495626
5634 6125613 497126
5635 6125613 498626
5636 6125615 500126
5637 6125613 501626
5638 6125614 503126
5639 6125615 504626
5640 6125615 506126
5641 6124314 496378
5642 6124316 497878
5643 6124315 499376
5644 6124315 500876
5645 6124316 502378
5646 6124314 503877
5647 6124316 505376
5648 6124316 506878
5649 6123015 498628
5650 6123015 500126
5651 6123015 501628
5652 6123016 503126
5653 6123015 504628
5654 6123015 506126
5655 6123015 507628
5656 6121718 500878
5657 6121716 502376
5658 6121717 503876
5659 6121716 505378
5660 6121716 506878
5661 6121716 508376
5662 6120419 503126
5663 6120418 504626
5664 6120417 506126
5665 6120417 507626
5666 6119119 505378
5667 6119119 506878
5668 6119119 508376
5669 6117820 507628
5670 6102232 440128
5671 6107427 461126
